1 0 2.26249 4.15339 37.1111
1 1 0.943242 0.153583 6.26924
1 2 4.75149 1.61561 36.4757
1 3 0.286525 2.88493 22.6911
1 4 -4.25899 -1.7015 1.46346
ALPHA 1 4 -4.25899 -1.7015 1.46346
BETA 1 1 0.943242 0.153583 6.26924
DELTA 1 3 0.286525 2.88493 22.6911
2 0 -2.0788 -1.84464 -4.64668
2 1 -1.54306 -1.57477 -3.95423
2 2 -3.57298 -1.84464 -1.94647
2 3 -1.62089 -1.84464 -4.58031
2 4 -4.34963 -2.13159 -0.0342741
ALPHA 2 0 -2.0788 -1.84464 -4.64668
BETA 2 3 -1.62089 -1.84464 -4.58031
DELTA 2 1 -1.54306 -1.57477 -3.95423
3 0 -2.15933 -2.38546 -5.65837
3 1 -2.63932 -2.62724 -5.85333
3 2 -2.67455 -2.38546 -5.42733
3 3 -2.56959 -2.38546 -5.51746
3 4 -3.37039 -2.12837 -3.53821
ALPHA 3 1 -2.63932 -2.62724 -5.85333
BETA 3 1 -2.63932 -2.62724 -5.85333
DELTA 3 0 -2.15933 -2.38546 -5.65837
4 0 -2.15933 -2.38546 -5.65837
4 1 -3.33677 -3.50204 -5.96888
4 2 -3.30537 -3.71757 -6.02317
4 3 -3.39894 -3.71757 -5.93084
4 4 -2.82413 -3.94675 -6.02885
ALPHA 4 4 -2.82413 -3.94675 -6.02885
BETA 4 2 -3.30537 -3.71757 -6.02317
DELTA 4 2 -3.30537 -3.71757 -6.02317
5 0 -2.15933 -2.38546 -5.65837
5 1 -3.33677 -3.50204 -5.96888
5 2 -3.30537 -3.71757 -6.02317
5 3 -3.39894 -3.71757 -5.93084
5 4 -2.82413 -3.94675 -6.02885
ALPHA 5 4 -2.82413 -3.94675 -6.02885
BETA 5 2 -3.30537 -3.71757 -6.02317
DELTA 5 2 -3.30537 -3.71757 -6.02317
6 0 -2.15933 -2.38546 -5.65837
6 1 -3.33677 -3.50204 -5.96888
6 2 -3.30537 -3.71757 -6.02317
6 3 -3.39894 -3.71757 -5.93084
6 4 -2.82413 -3.94675 -6.02885
ALPHA 6 4 -2.82413 -3.94675 -6.02885
BETA 6 2 -3.30537 -3.71757 -6.02317
DELTA 6 2 -3.30537 -3.71757 -6.02317
7 0 -2.15933 -2.38546 -5.65837
7 1 -3.33677 -3.50204 -5.96888
7 2 -3.30537 -3.71757 -6.02317
7 3 -3.39894 -3.71757 -5.93084
7 4 -2.82413 -3.94675 -6.02885
ALPHA 7 4 -2.82413 -3.94675 -6.02885
BETA 7 2 -3.30537 -3.71757 -6.02317
DELTA 7 2 -3.30537 -3.71757 -6.02317
8 0 -2.15933 -2.38546 -5.65837
8 1 -3.33677 -3.50204 -5.96888
8 2 -3.30537 -3.71757 -6.02317
8 3 -3.39894 -3.71757 -5.93084
8 4 -2.82413 -3.94675 -6.02885
ALPHA 8 4 -2.82413 -3.94675 -6.02885
BETA 8 2 -3.30537 -3.71757 -6.02317
DELTA 8 2 -3.30537 -3.71757 -6.02317
9 0 -2.15933 -2.38546 -5.65837
9 1 -3.33677 -3.50204 -5.96888
9 2 -3.30537 -3.71757 -6.02317
9 3 -3.39894 -3.71757 -5.93084
9 4 -2.82413 -3.94675 -6.02885
ALPHA 9 4 -2.82413 -3.94675 -6.02885
BETA 9 2 -3.30537 -3.71757 -6.02317
DELTA 9 2 -3.30537 -3.71757 -6.02317
10 0 -2.15933 -2.38546 -5.65837
10 1 -3.33677 -3.50204 -5.96888
10 2 -3.30537 -3.71757 -6.02317
10 3 -3.39894 -3.71757 -5.93084
10 4 -2.82413 -3.94675 -6.02885
ALPHA 10 4 -2.82413 -3.94675 -6.02885
BETA 10 2 -3.30537 -3.71757 -6.02317
DELTA 10 2 -3.30537 -3.71757 -6.02317
11 0 -2.15933 -2.38546 -5.65837
11 1 -3.33677 -3.50204 -5.96888
11 2 -3.30537 -3.71757 -6.02317
11 3 -3.39894 -3.71757 -5.93084
11 4 -2.82413 -3.94675 -6.02885
ALPHA 11 4 -2.82413 -3.94675 -6.02885
BETA 11 2 -3.30537 -3.71757 -6.02317
DELTA 11 2 -3.30537 -3.71757 -6.02317
12 0 -2.15933 -2.38546 -5.65837
12 1 -3.33677 -3.50204 -5.96888
12 2 -3.30537 -3.71757 -6.02317
12 3 -3.39894 -3.71757 -5.93084
12 4 -2.82413 -3.94675 -6.02885
ALPHA 12 4 -2.82413 -3.94675 -6.02885
BETA 12 2 -3.30537 -3.71757 -6.02317
DELTA 12 2 -3.30537 -3.71757 -6.02317
13 0 -2.15933 -2.38546 -5.65837
13 1 -3.33677 -3.50204 -5.96888
13 2 -3.30537 -3.71757 -6.02317
13 3 -3.39894 -3.71757 -5.93084
13 4 -2.82413 -3.94675 -6.02885
ALPHA 13 4 -2.82413 -3.94675 -6.02885
BETA 13 2 -3.30537 -3.71757 -6.02317
DELTA 13 2 -3.30537 -3.71757 -6.02317
14 0 -2.15933 -2.38546 -5.65837
14 1 -3.33677 -3.50204 -5.96888
14 2 -3.30537 -3.71757 -6.02317
14 3 -3.39894 -3.71757 -5.93084
14 4 -2.82413 -3.94675 -6.02885
ALPHA 14 4 -2.82413 -3.94675 -6.02885
BETA 14 2 -3.30537 -3.71757 -6.02317
DELTA 14 2 -3.30537 -3.71757 -6.02317
15 0 -2.15933 -2.38546 -5.65837
15 1 -3.33677 -3.50204 -5.96888
15 2 -3.30537 -3.71757 -6.02317
15 3 -3.39894 -3.71757 -5.93084
15 4 -2.82413 -3.94675 -6.02885
ALPHA 15 4 -2.82413 -3.94675 -6.02885
BETA 15 2 -3.30537 -3.71757 -6.02317
DELTA 15 2 -3.30537 -3.71757 -6.02317
16 0 -2.15933 -2.38546 -5.65837
16 1 -3.33677 -3.50204 -5.96888
16 2 -3.30537 -3.71757 -6.02317
16 3 -3.39894 -3.71757 -5.93084
16 4 -2.82413 -3.94675 -6.02885
ALPHA 16 4 -2.82413 -3.94675 -6.02885
BETA 16 2 -3.30537 -3.71757 -6.02317
DELTA 16 2 -3.30537 -3.71757 -6.02317
17 0 -2.15933 -2.38546 -5.65837
17 1 -3.33677 -3.50204 -5.96888
17 2 -3.30537 -3.71757 -6.02317
17 3 -3.39894 -3.71757 -5.93084
17 4 -2.82413 -3.94675 -6.02885
ALPHA 17 4 -2.82413 -3.94675 -6.02885
BETA 17 2 -3.30537 -3.71757 -6.02317
DELTA 17 2 -3.30537 -3.71757 -6.02317
18 0 -2.15933 -2.38546 -5.65837
18 1 -3.33677 -3.50204 -5.96888
18 2 -3.30537 -3.71757 -6.02317
18 3 -3.39894 -3.71757 -5.93084
18 4 -2.82413 -3.94675 -6.02885
ALPHA 18 4 -2.82413 -3.94675 -6.02885
BETA 18 2 -3.30537 -3.71757 -6.02317
DELTA 18 2 -3.30537 -3.71757 -6.02317
19 0 -2.15933 -2.38546 -5.65837
19 1 -3.33677 -3.50204 -5.96888
19 2 -3.30537 -3.71757 -6.02317
19 3 -3.39894 -3.71757 -5.93084
19 4 -2.82413 -3.94675 -6.02885
ALPHA 19 4 -2.82413 -3.94675 -6.02885
BETA 19 2 -3.30537 -3.71757 -6.02317
DELTA 19 2 -3.30537 -3.71757 -6.02317
20 0 -2.15933 -2.38546 -5.65837
20 1 -3.33677 -3.50204 -5.96888
20 2 -3.30537 -3.71757 -6.02317
20 3 -3.39894 -3.71757 -5.93084
20 4 -2.82413 -3.94675 -6.02885
ALPHA 20 4 -2.82413 -3.94675 -6.02885
BETA 20 2 -3.30537 -3.71757 -6.02317
DELTA 20 2 -3.30537 -3.71757 -6.02317
21 0 -2.15933 -2.38546 -5.65837
21 1 -3.33677 -3.50204 -5.96888
21 2 -3.30537 -3.71757 -6.02317
21 3 -3.39894 -3.71757 -5.93084
21 4 -2.82413 -3.94675 -6.02885
ALPHA 21 4 -2.82413 -3.94675 -6.02885
BETA 21 2 -3.30537 -3.71757 -6.02317
DELTA 21 2 -3.30537 -3.71757 -6.02317
22 0 -2.15933 -2.38546 -5.65837
22 1 -3.33677 -3.50204 -5.96888
22 2 -3.30537 -3.71757 -6.02317
22 3 -3.39894 -3.71757 -5.93084
22 4 -2.82413 -3.94675 -6.02885
ALPHA 22 4 -2.82413 -3.94675 -6.02885
BETA 22 2 -3.30537 -3.71757 -6.02317
DELTA 22 2 -3.30537 -3.71757 -6.02317
23 0 -2.15933 -2.38546 -5.65837
23 1 -3.33677 -3.50204 -5.96888
23 2 -3.30537 -3.71757 -6.02317
23 3 -3.39894 -3.71757 -5.93084
23 4 -2.82413 -3.94675 -6.02885
ALPHA 23 4 -2.82413 -3.94675 -6.02885
BETA 23 2 -3.30537 -3.71757 -6.02317
DELTA 23 2 -3.30537 -3.71757 -6.02317
24 0 -2.15933 -2.38546 -5.65837
24 1 -3.33677 -3.50204 -5.96888
24 2 -3.30537 -3.71757 -6.02317
24 3 -3.39894 -3.71757 -5.93084
24 4 -2.82413 -3.94675 -6.02885
ALPHA 24 4 -2.82413 -3.94675 -6.02885
BETA 24 2 -3.30537 -3.71757 -6.02317
DELTA 24 2 -3.30537 -3.71757 -6.02317
25 0 -2.15933 -2.38546 -5.65837
25 1 -3.33677 -3.50204 -5.96888
25 2 -3.30537 -3.71757 -6.02317
25 3 -3.39894 -3.71757 -5.93084
25 4 -2.82413 -3.94675 -6.02885
ALPHA 25 4 -2.82413 -3.94675 -6.02885
BETA 25 2 -3.30537 -3.71757 -6.02317
DELTA 25 2 -3.30537 -3.71757 -6.02317
26 0 -2.15933 -2.38546 -5.65837
26 1 -3.33677 -3.50204 -5.96888
26 2 -3.30537 -3.71757 -6.02317
26 3 -3.39894 -3.71757 -5.93084
26 4 -2.82413 -3.94675 -6.02885
ALPHA 26 4 -2.82413 -3.94675 -6.02885
BETA 26 2 -3.30537 -3.71757 -6.02317
DELTA 26 2 -3.30537 -3.71757 -6.02317
27 0 -2.15933 -2.38546 -5.65837
27 1 -3.33677 -3.50204 -5.96888
27 2 -3.30537 -3.71757 -6.02317
27 3 -3.39894 -3.71757 -5.93084
27 4 -2.82413 -3.94675 -6.02885
ALPHA 27 4 -2.82413 -3.94675 -6.02885
BETA 27 2 -3.30537 -3.71757 -6.02317
DELTA 27 2 -3.30537 -3.71757 -6.02317
28 0 -2.15933 -2.38546 -5.65837
28 1 -3.33677 -3.50204 -5.96888
28 2 -3.30537 -3.71757 -6.02317
28 3 -3.39894 -3.71757 -5.93084
28 4 -2.82413 -3.94675 -6.02885
ALPHA 28 4 -2.82413 -3.94675 -6.02885
BETA 28 2 -3.30537 -3.71757 -6.02317
DELTA 28 2 -3.30537 -3.71757 -6.02317
29 0 -2.15933 -2.38546 -5.65837
29 1 -3.33677 -3.50204 -5.96888
29 2 -3.30537 -3.71757 -6.02317
29 3 -3.39894 -3.71757 -5.93084
29 4 -2.82413 -3.94675 -6.02885
ALPHA 29 4 -2.82413 -3.94675 -6.02885
BETA 29 2 -3.30537 -3.71757 -6.02317
DELTA 29 2 -3.30537 -3.71757 -6.02317
30 0 -2.15933 -2.38546 -5.65837
30 1 -3.33677 -3.50204 -5.96888
30 2 -3.30537 -3.71757 -6.02317
30 3 -3.39894 -3.71757 -5.93084
30 4 -2.82413 -3.94675 -6.02885
ALPHA 30 4 -2.82413 -3.94675 -6.02885
BETA 30 2 -3.30537 -3.71757 -6.02317
DELTA 30 2 -3.30537 -3.71757 -6.02317
31 0 -2.15933 -2.38546 -5.65837
31 1 -3.33677 -3.50204 -5.96888
31 2 -3.30537 -3.71757 -6.02317
31 3 -3.39894 -3.71757 -5.93084
31 4 -2.82413 -3.94675 -6.02885
ALPHA 31 4 -2.82413 -3.94675 -6.02885
BETA 31 2 -3.30537 -3.71757 -6.02317
DELTA 31 2 -3.30537 -3.71757 -6.02317
32 0 -2.15933 -2.38546 -5.65837
32 1 -3.33677 -3.50204 -5.96888
32 2 -3.30537 -3.71757 -6.02317
32 3 -3.39894 -3.71757 -5.93084
32 4 -2.82413 -3.94675 -6.02885
ALPHA 32 4 -2.82413 -3.94675 -6.02885
BETA 32 2 -3.30537 -3.71757 -6.02317
DELTA 32 2 -3.30537 -3.71757 -6.02317
33 0 -2.15933 -2.38546 -5.65837
33 1 -3.33677 -3.50204 -5.96888
33 2 -3.30537 -3.71757 -6.02317
33 3 -3.39894 -3.71757 -5.93084
33 4 -2.82413 -3.94675 -6.02885
ALPHA 33 4 -2.82413 -3.94675 -6.02885
BETA 33 2 -3.30537 -3.71757 -6.02317
DELTA 33 2 -3.30537 -3.71757 -6.02317
34 0 -2.15933 -2.38546 -5.65837
34 1 -3.33677 -3.50204 -5.96888
34 2 -3.30537 -3.71757 -6.02317
34 3 -3.39894 -3.71757 -5.93084
34 4 -2.82413 -3.94675 -6.02885
ALPHA 34 4 -2.82413 -3.94675 -6.02885
BETA 34 2 -3.30537 -3.71757 -6.02317
DELTA 34 2 -3.30537 -3.71757 -6.02317
35 0 -2.15933 -2.38546 -5.65837
35 1 -3.33677 -3.50204 -5.96888
35 2 -3.30537 -3.71757 -6.02317
35 3 -3.39894 -3.71757 -5.93084
35 4 -2.82413 -3.94675 -6.02885
ALPHA 35 4 -2.82413 -3.94675 -6.02885
BETA 35 2 -3.30537 -3.71757 -6.02317
DELTA 35 2 -3.30537 -3.71757 -6.02317
36 0 -2.15933 -2.38546 -5.65837
36 1 -3.33677 -3.50204 -5.96888
36 2 -3.30537 -3.71757 -6.02317
36 3 -3.39894 -3.71757 -5.93084
36 4 -2.82413 -3.94675 -6.02885
ALPHA 36 4 -2.82413 -3.94675 -6.02885
BETA 36 2 -3.30537 -3.71757 -6.02317
DELTA 36 2 -3.30537 -3.71757 -6.02317
37 0 -2.15933 -2.38546 -5.65837
37 1 -3.33677 -3.50204 -5.96888
37 2 -3.30537 -3.71757 -6.02317
37 3 -3.39894 -3.71757 -5.93084
37 4 -2.82413 -3.94675 -6.02885
ALPHA 37 4 -2.82413 -3.94675 -6.02885
BETA 37 2 -3.30537 -3.71757 -6.02317
DELTA 37 2 -3.30537 -3.71757 -6.02317
38 0 -2.15933 -2.38546 -5.65837
38 1 -3.33677 -3.50204 -5.96888
38 2 -3.30537 -3.71757 -6.02317
38 3 -3.39894 -3.71757 -5.93084
38 4 -2.82413 -3.94675 -6.02885
ALPHA 38 4 -2.82413 -3.94675 -6.02885
BETA 38 2 -3.30537 -3.71757 -6.02317
DELTA 38 2 -3.30537 -3.71757 -6.02317
39 0 -2.15933 -2.38546 -5.65837
39 1 -3.33677 -3.50204 -5.96888
39 2 -3.30537 -3.71757 -6.02317
39 3 -3.39894 -3.71757 -5.93084
39 4 -2.82413 -3.94675 -6.02885
ALPHA 39 4 -2.82413 -3.94675 -6.02885
BETA 39 2 -3.30537 -3.71757 -6.02317
DELTA 39 2 -3.30537 -3.71757 -6.02317
40 0 -2.15933 -2.38546 -5.65837
40 1 -3.33677 -3.50204 -5.96888
40 2 -3.30537 -3.71757 -6.02317
40 3 -3.39894 -3.71757 -5.93084
40 4 -2.82413 -3.94675 -6.02885
ALPHA 40 4 -2.82413 -3.94675 -6.02885
BETA 40 2 -3.30537 -3.71757 -6.02317
DELTA 40 2 -3.30537 -3.71757 -6.02317
41 0 -2.15933 -2.38546 -5.65837
41 1 -3.33677 -3.50204 -5.96888
41 2 -3.30537 -3.71757 -6.02317
41 3 -3.39894 -3.71757 -5.93084
41 4 -2.82413 -3.94675 -6.02885
ALPHA 41 4 -2.82413 -3.94675 -6.02885
BETA 41 2 -3.30537 -3.71757 -6.02317
DELTA 41 2 -3.30537 -3.71757 -6.02317
42 0 -2.15933 -2.38546 -5.65837
42 1 -3.33677 -3.50204 -5.96888
42 2 -3.30537 -3.71757 -6.02317
42 3 -3.39894 -3.71757 -5.93084
42 4 -2.82413 -3.94675 -6.02885
ALPHA 42 4 -2.82413 -3.94675 -6.02885
BETA 42 2 -3.30537 -3.71757 -6.02317
DELTA 42 2 -3.30537 -3.71757 -6.02317
43 0 -2.15933 -2.38546 -5.65837
43 1 -3.33677 -3.50204 -5.96888
43 2 -3.30537 -3.71757 -6.02317
43 3 -3.39894 -3.71757 -5.93084
43 4 -2.82413 -3.94675 -6.02885
ALPHA 43 4 -2.82413 -3.94675 -6.02885
BETA 43 2 -3.30537 -3.71757 -6.02317
DELTA 43 2 -3.30537 -3.71757 -6.02317
44 0 -2.15933 -2.38546 -5.65837
44 1 -3.33677 -3.50204 -5.96888
44 2 -3.30537 -3.71757 -6.02317
44 3 -3.39894 -3.71757 -5.93084
44 4 -2.82413 -3.94675 -6.02885
ALPHA 44 4 -2.82413 -3.94675 -6.02885
BETA 44 2 -3.30537 -3.71757 -6.02317
DELTA 44 2 -3.30537 -3.71757 -6.02317
45 0 -2.15933 -2.38546 -5.65837
45 1 -3.33677 -3.50204 -5.96888
45 2 -3.30537 -3.71757 -6.02317
45 3 -3.39894 -3.71757 -5.93084
45 4 -2.82413 -3.94675 -6.02885
ALPHA 45 4 -2.82413 -3.94675 -6.02885
BETA 45 2 -3.30537 -3.71757 -6.02317
DELTA 45 2 -3.30537 -3.71757 -6.02317
46 0 -2.15933 -2.38546 -5.65837
46 1 -3.33677 -3.50204 -5.96888
46 2 -3.30537 -3.71757 -6.02317
46 3 -3.39894 -3.71757 -5.93084
46 4 -2.82413 -3.94675 -6.02885
ALPHA 46 4 -2.82413 -3.94675 -6.02885
BETA 46 2 -3.30537 -3.71757 -6.02317
DELTA 46 2 -3.30537 -3.71757 -6.02317
47 0 -2.15933 -2.38546 -5.65837
47 1 -3.33677 -3.50204 -5.96888
47 2 -3.30537 -3.71757 -6.02317
47 3 -3.39894 -3.71757 -5.93084
47 4 -2.82413 -3.94675 -6.02885
ALPHA 47 4 -2.82413 -3.94675 -6.02885
BETA 47 2 -3.30537 -3.71757 -6.02317
DELTA 47 2 -3.30537 -3.71757 -6.02317
48 0 -2.15933 -2.38546 -5.65837
48 1 -3.33677 -3.50204 -5.96888
48 2 -3.30537 -3.71757 -6.02317
48 3 -3.39894 -3.71757 -5.93084
48 4 -2.82413 -3.94675 -6.02885
ALPHA 48 4 -2.82413 -3.94675 -6.02885
BETA 48 2 -3.30537 -3.71757 -6.02317
DELTA 48 2 -3.30537 -3.71757 -6.02317
49 0 -2.15933 -2.38546 -5.65837
49 1 -3.33677 -3.50204 -5.96888
49 2 -3.30537 -3.71757 -6.02317
49 3 -3.39894 -3.71757 -5.93084
49 4 -2.82413 -3.94675 -6.02885
ALPHA 49 4 -2.82413 -3.94675 -6.02885
BETA 49 2 -3.30537 -3.71757 -6.02317
DELTA 49 2 -3.30537 -3.71757 -6.02317
50 0 -2.15933 -2.38546 -5.65837
50 1 -3.33677 -3.50204 -5.96888
50 2 -3.30537 -3.71757 -6.02317
50 3 -3.39894 -3.71757 -5.93084
50 4 -2.82413 -3.94675 -6.02885
ALPHA 50 4 -2.82413 -3.94675 -6.02885
BETA 50 2 -3.30537 -3.71757 -6.02317
DELTA 50 2 -3.30537 -3.71757 -6.02317
51 0 -2.15933 -2.38546 -5.65837
51 1 -3.33677 -3.50204 -5.96888
51 2 -3.30537 -3.71757 -6.02317
51 3 -3.39894 -3.71757 -5.93084
51 4 -2.82413 -3.94675 -6.02885
ALPHA 51 4 -2.82413 -3.94675 -6.02885
BETA 51 2 -3.30537 -3.71757 -6.02317
DELTA 51 2 -3.30537 -3.71757 -6.02317
52 0 -2.15933 -2.38546 -5.65837
52 1 -3.33677 -3.50204 -5.96888
52 2 -3.30537 -3.71757 -6.02317
52 3 -3.39894 -3.71757 -5.93084
52 4 -2.82413 -3.94675 -6.02885
ALPHA 52 4 -2.82413 -3.94675 -6.02885
BETA 52 2 -3.30537 -3.71757 -6.02317
DELTA 52 2 -3.30537 -3.71757 -6.02317
53 0 -2.15933 -2.38546 -5.65837
53 1 -3.33677 -3.50204 -5.96888
53 2 -3.30537 -3.71757 -6.02317
53 3 -3.39894 -3.71757 -5.93084
53 4 -2.82413 -3.94675 -6.02885
ALPHA 53 4 -2.82413 -3.94675 -6.02885
BETA 53 2 -3.30537 -3.71757 -6.02317
DELTA 53 2 -3.30537 -3.71757 -6.02317
54 0 -2.15933 -2.38546 -5.65837
54 1 -3.33677 -3.50204 -5.96888
54 2 -3.30537 -3.71757 -6.02317
54 3 -3.39894 -3.71757 -5.93084
54 4 -2.82413 -3.94675 -6.02885
ALPHA 54 4 -2.82413 -3.94675 -6.02885
BETA 54 2 -3.30537 -3.71757 -6.02317
DELTA 54 2 -3.30537 -3.71757 -6.02317
55 0 -2.15933 -2.38546 -5.65837
55 1 -3.33677 -3.50204 -5.96888
55 2 -3.30537 -3.71757 -6.02317
55 3 -3.39894 -3.71757 -5.93084
55 4 -2.82413 -3.94675 -6.02885
ALPHA 55 4 -2.82413 -3.94675 -6.02885
BETA 55 2 -3.30537 -3.71757 -6.02317
DELTA 55 2 -3.30537 -3.71757 -6.02317
56 0 -2.15933 -2.38546 -5.65837
56 1 -3.33677 -3.50204 -5.96888
56 2 -3.30537 -3.71757 -6.02317
56 3 -3.39894 -3.71757 -5.93084
56 4 -2.82413 -3.94675 -6.02885
ALPHA 56 4 -2.82413 -3.94675 -6.02885
BETA 56 2 -3.30537 -3.71757 -6.02317
DELTA 56 2 -3.30537 -3.71757 -6.02317
57 0 -2.15933 -2.38546 -5.65837
57 1 -3.33677 -3.50204 -5.96888
57 2 -3.30537 -3.71757 -6.02317
57 3 -3.39894 -3.71757 -5.93084
57 4 -2.82413 -3.94675 -6.02885
ALPHA 57 4 -2.82413 -3.94675 -6.02885
BETA 57 2 -3.30537 -3.71757 -6.02317
DELTA 57 2 -3.30537 -3.71757 -6.02317
58 0 -2.15933 -2.38546 -5.65837
58 1 -3.33677 -3.50204 -5.96888
58 2 -3.30537 -3.71757 -6.02317
58 3 -3.39894 -3.71757 -5.93084
58 4 -2.82413 -3.94675 -6.02885
ALPHA 58 4 -2.82413 -3.94675 -6.02885
BETA 58 2 -3.30537 -3.71757 -6.02317
DELTA 58 2 -3.30537 -3.71757 -6.02317
59 0 -2.15933 -2.38546 -5.65837
59 1 -3.33677 -3.50204 -5.96888
59 2 -3.30537 -3.71757 -6.02317
59 3 -3.39894 -3.71757 -5.93084
59 4 -2.82413 -3.94675 -6.02885
ALPHA 59 4 -2.82413 -3.94675 -6.02885
BETA 59 2 -3.30537 -3.71757 -6.02317
DELTA 59 2 -3.30537 -3.71757 -6.02317
60 0 -2.15933 -2.38546 -5.65837
60 1 -3.33677 -3.50204 -5.96888
60 2 -3.30537 -3.71757 -6.02317
60 3 -3.39894 -3.71757 -5.93084
60 4 -2.82413 -3.94675 -6.02885
ALPHA 60 4 -2.82413 -3.94675 -6.02885
BETA 60 2 -3.30537 -3.71757 -6.02317
DELTA 60 2 -3.30537 -3.71757 -6.02317
61 0 -2.15933 -2.38546 -5.65837
61 1 -3.33677 -3.50204 -5.96888
61 2 -3.30537 -3.71757 -6.02317
61 3 -3.39894 -3.71757 -5.93084
61 4 -2.82413 -3.94675 -6.02885
ALPHA 61 4 -2.82413 -3.94675 -6.02885
BETA 61 2 -3.30537 -3.71757 -6.02317
DELTA 61 2 -3.30537 -3.71757 -6.02317
62 0 -2.15933 -2.38546 -5.65837
62 1 -3.33677 -3.50204 -5.96888
62 2 -3.30537 -3.71757 -6.02317
62 3 -3.39894 -3.71757 -5.93084
62 4 -2.82413 -3.94675 -6.02885
ALPHA 62 4 -2.82413 -3.94675 -6.02885
BETA 62 2 -3.30537 -3.71757 -6.02317
DELTA 62 2 -3.30537 -3.71757 -6.02317
63 0 -2.15933 -2.38546 -5.65837
63 1 -3.33677 -3.50204 -5.96888
63 2 -3.30537 -3.71757 -6.02317
63 3 -3.39894 -3.71757 -5.93084
63 4 -2.82413 -3.94675 -6.02885
ALPHA 63 4 -2.82413 -3.94675 -6.02885
BETA 63 2 -3.30537 -3.71757 -6.02317
DELTA 63 2 -3.30537 -3.71757 -6.02317
64 0 -2.15933 -2.38546 -5.65837
64 1 -3.33677 -3.50204 -5.96888
64 2 -3.30537 -3.71757 -6.02317
64 3 -3.39894 -3.71757 -5.93084
64 4 -2.82413 -3.94675 -6.02885
ALPHA 64 4 -2.82413 -3.94675 -6.02885
BETA 64 2 -3.30537 -3.71757 -6.02317
DELTA 64 2 -3.30537 -3.71757 -6.02317
65 0 -2.15933 -2.38546 -5.65837
65 1 -3.33677 -3.50204 -5.96888
65 2 -3.30537 -3.71757 -6.02317
65 3 -3.39894 -3.71757 -5.93084
65 4 -2.82413 -3.94675 -6.02885
ALPHA 65 4 -2.82413 -3.94675 -6.02885
BETA 65 2 -3.30537 -3.71757 -6.02317
DELTA 65 2 -3.30537 -3.71757 -6.02317
66 0 -2.15933 -2.38546 -5.65837
66 1 -3.33677 -3.50204 -5.96888
66 2 -3.30537 -3.71757 -6.02317
66 3 -3.39894 -3.71757 -5.93084
66 4 -2.82413 -3.94675 -6.02885
ALPHA 66 4 -2.82413 -3.94675 -6.02885
BETA 66 2 -3.30537 -3.71757 -6.02317
DELTA 66 2 -3.30537 -3.71757 -6.02317
67 0 -2.15933 -2.38546 -5.65837
67 1 -3.33677 -3.50204 -5.96888
67 2 -3.30537 -3.71757 -6.02317
67 3 -3.39894 -3.71757 -5.93084
67 4 -2.82413 -3.94675 -6.02885
ALPHA 67 4 -2.82413 -3.94675 -6.02885
BETA 67 2 -3.30537 -3.71757 -6.02317
DELTA 67 2 -3.30537 -3.71757 -6.02317
68 0 -2.15933 -2.38546 -5.65837
68 1 -3.33677 -3.50204 -5.96888
68 2 -3.30537 -3.71757 -6.02317
68 3 -3.39894 -3.71757 -5.93084
68 4 -2.82413 -3.94675 -6.02885
ALPHA 68 4 -2.82413 -3.94675 -6.02885
BETA 68 2 -3.30537 -3.71757 -6.02317
DELTA 68 2 -3.30537 -3.71757 -6.02317
69 0 -2.15933 -2.38546 -5.65837
69 1 -3.33677 -3.50204 -5.96888
69 2 -3.30537 -3.71757 -6.02317
69 3 -3.39894 -3.71757 -5.93084
69 4 -2.82413 -3.94675 -6.02885
ALPHA 69 4 -2.82413 -3.94675 -6.02885
BETA 69 2 -3.30537 -3.71757 -6.02317
DELTA 69 2 -3.30537 -3.71757 -6.02317
70 0 -2.15933 -2.38546 -5.65837
70 1 -3.33677 -3.50204 -5.96888
70 2 -3.30537 -3.71757 -6.02317
70 3 -3.39894 -3.71757 -5.93084
70 4 -2.82413 -3.94675 -6.02885
ALPHA 70 4 -2.82413 -3.94675 -6.02885
BETA 70 2 -3.30537 -3.71757 -6.02317
DELTA 70 2 -3.30537 -3.71757 -6.02317
71 0 -2.15933 -2.38546 -5.65837
71 1 -3.33677 -3.50204 -5.96888
71 2 -3.30537 -3.71757 -6.02317
71 3 -3.39894 -3.71757 -5.93084
71 4 -2.82413 -3.94675 -6.02885
ALPHA 71 4 -2.82413 -3.94675 -6.02885
BETA 71 2 -3.30537 -3.71757 -6.02317
DELTA 71 2 -3.30537 -3.71757 -6.02317
72 0 -2.15933 -2.38546 -5.65837
72 1 -3.33677 -3.50204 -5.96888
72 2 -3.30537 -3.71757 -6.02317
72 3 -3.39894 -3.71757 -5.93084
72 4 -2.82413 -3.94675 -6.02885
ALPHA 72 4 -2.82413 -3.94675 -6.02885
BETA 72 2 -3.30537 -3.71757 -6.02317
DELTA 72 2 -3.30537 -3.71757 -6.02317
73 0 -2.15933 -2.38546 -5.65837
73 1 -3.33677 -3.50204 -5.96888
73 2 -3.30537 -3.71757 -6.02317
73 3 -3.39894 -3.71757 -5.93084
73 4 -2.82413 -3.94675 -6.02885
ALPHA 73 4 -2.82413 -3.94675 -6.02885
BETA 73 2 -3.30537 -3.71757 -6.02317
DELTA 73 2 -3.30537 -3.71757 -6.02317
74 0 -2.15933 -2.38546 -5.65837
74 1 -3.33677 -3.50204 -5.96888
74 2 -3.30537 -3.71757 -6.02317
74 3 -3.39894 -3.71757 -5.93084
74 4 -2.82413 -3.94675 -6.02885
ALPHA 74 4 -2.82413 -3.94675 -6.02885
BETA 74 2 -3.30537 -3.71757 -6.02317
DELTA 74 2 -3.30537 -3.71757 -6.02317
75 0 -2.15933 -2.38546 -5.65837
75 1 -3.33677 -3.50204 -5.96888
75 2 -3.30537 -3.71757 -6.02317
75 3 -3.39894 -3.71757 -5.93084
75 4 -2.82413 -3.94675 -6.02885
ALPHA 75 4 -2.82413 -3.94675 -6.02885
BETA 75 2 -3.30537 -3.71757 -6.02317
DELTA 75 2 -3.30537 -3.71757 -6.02317
76 0 -2.15933 -2.38546 -5.65837
76 1 -3.33677 -3.50204 -5.96888
76 2 -3.30537 -3.71757 -6.02317
76 3 -3.39894 -3.71757 -5.93084
76 4 -2.82413 -3.94675 -6.02885
ALPHA 76 4 -2.82413 -3.94675 -6.02885
BETA 76 2 -3.30537 -3.71757 -6.02317
DELTA 76 2 -3.30537 -3.71757 -6.02317
77 0 -2.15933 -2.38546 -5.65837
77 1 -3.33677 -3.50204 -5.96888
77 2 -3.30537 -3.71757 -6.02317
77 3 -3.39894 -3.71757 -5.93084
77 4 -2.82413 -3.94675 -6.02885
ALPHA 77 4 -2.82413 -3.94675 -6.02885
BETA 77 2 -3.30537 -3.71757 -6.02317
DELTA 77 2 -3.30537 -3.71757 -6.02317
78 0 -2.15933 -2.38546 -5.65837
78 1 -3.33677 -3.50204 -5.96888
78 2 -3.30537 -3.71757 -6.02317
78 3 -3.39894 -3.71757 -5.93084
78 4 -2.82413 -3.94675 -6.02885
ALPHA 78 4 -2.82413 -3.94675 -6.02885
BETA 78 2 -3.30537 -3.71757 -6.02317
DELTA 78 2 -3.30537 -3.71757 -6.02317
79 0 -2.15933 -2.38546 -5.65837
79 1 -3.33677 -3.50204 -5.96888
79 2 -3.30537 -3.71757 -6.02317
79 3 -3.39894 -3.71757 -5.93084
79 4 -2.82413 -3.94675 -6.02885
ALPHA 79 4 -2.82413 -3.94675 -6.02885
BETA 79 2 -3.30537 -3.71757 -6.02317
DELTA 79 2 -3.30537 -3.71757 -6.02317
80 0 -2.15933 -2.38546 -5.65837
80 1 -3.33677 -3.50204 -5.96888
80 2 -3.30537 -3.71757 -6.02317
80 3 -3.39894 -3.71757 -5.93084
80 4 -2.82413 -3.94675 -6.02885
ALPHA 80 4 -2.82413 -3.94675 -6.02885
BETA 80 2 -3.30537 -3.71757 -6.02317
DELTA 80 2 -3.30537 -3.71757 -6.02317
81 0 -2.15933 -2.38546 -5.65837
81 1 -3.33677 -3.50204 -5.96888
81 2 -3.30537 -3.71757 -6.02317
81 3 -3.39894 -3.71757 -5.93084
81 4 -2.82413 -3.94675 -6.02885
ALPHA 81 4 -2.82413 -3.94675 -6.02885
BETA 81 2 -3.30537 -3.71757 -6.02317
DELTA 81 2 -3.30537 -3.71757 -6.02317
82 0 -2.15933 -2.38546 -5.65837
82 1 -3.33677 -3.50204 -5.96888
82 2 -3.30537 -3.71757 -6.02317
82 3 -3.39894 -3.71757 -5.93084
82 4 -2.82413 -3.94675 -6.02885
ALPHA 82 4 -2.82413 -3.94675 -6.02885
BETA 82 2 -3.30537 -3.71757 -6.02317
DELTA 82 2 -3.30537 -3.71757 -6.02317
83 0 -2.15933 -2.38546 -5.65837
83 1 -3.33677 -3.50204 -5.96888
83 2 -3.30537 -3.71757 -6.02317
83 3 -3.39894 -3.71757 -5.93084
83 4 -2.82413 -3.94675 -6.02885
ALPHA 83 4 -2.82413 -3.94675 -6.02885
BETA 83 2 -3.30537 -3.71757 -6.02317
DELTA 83 2 -3.30537 -3.71757 -6.02317
84 0 -2.15933 -2.38546 -5.65837
84 1 -3.33677 -3.50204 -5.96888
84 2 -3.30537 -3.71757 -6.02317
84 3 -3.39894 -3.71757 -5.93084
84 4 -2.82413 -3.94675 -6.02885
ALPHA 84 4 -2.82413 -3.94675 -6.02885
BETA 84 2 -3.30537 -3.71757 -6.02317
DELTA 84 2 -3.30537 -3.71757 -6.02317
85 0 -2.15933 -2.38546 -5.65837
85 1 -3.33677 -3.50204 -5.96888
85 2 -3.30537 -3.71757 -6.02317
85 3 -3.39894 -3.71757 -5.93084
85 4 -2.82413 -3.94675 -6.02885
ALPHA 85 4 -2.82413 -3.94675 -6.02885
BETA 85 2 -3.30537 -3.71757 -6.02317
DELTA 85 2 -3.30537 -3.71757 -6.02317
86 0 -2.15933 -2.38546 -5.65837
86 1 -3.33677 -3.50204 -5.96888
86 2 -3.30537 -3.71757 -6.02317
86 3 -3.39894 -3.71757 -5.93084
86 4 -2.82413 -3.94675 -6.02885
ALPHA 86 4 -2.82413 -3.94675 -6.02885
BETA 86 2 -3.30537 -3.71757 -6.02317
DELTA 86 2 -3.30537 -3.71757 -6.02317
87 0 -2.15933 -2.38546 -5.65837
87 1 -3.33677 -3.50204 -5.96888
87 2 -3.30537 -3.71757 -6.02317
87 3 -3.39894 -3.71757 -5.93084
87 4 -2.82413 -3.94675 -6.02885
ALPHA 87 4 -2.82413 -3.94675 -6.02885
BETA 87 2 -3.30537 -3.71757 -6.02317
DELTA 87 2 -3.30537 -3.71757 -6.02317
88 0 -2.15933 -2.38546 -5.65837
88 1 -3.33677 -3.50204 -5.96888
88 2 -3.30537 -3.71757 -6.02317
88 3 -3.39894 -3.71757 -5.93084
88 4 -2.82413 -3.94675 -6.02885
ALPHA 88 4 -2.82413 -3.94675 -6.02885
BETA 88 2 -3.30537 -3.71757 -6.02317
DELTA 88 2 -3.30537 -3.71757 -6.02317
89 0 -2.15933 -2.38546 -5.65837
89 1 -3.33677 -3.50204 -5.96888
89 2 -3.30537 -3.71757 -6.02317
89 3 -3.39894 -3.71757 -5.93084
89 4 -2.82413 -3.94675 -6.02885
ALPHA 89 4 -2.82413 -3.94675 -6.02885
BETA 89 2 -3.30537 -3.71757 -6.02317
DELTA 89 2 -3.30537 -3.71757 -6.02317
90 0 -2.15933 -2.38546 -5.65837
90 1 -3.33677 -3.50204 -5.96888
90 2 -3.30537 -3.71757 -6.02317
90 3 -3.39894 -3.71757 -5.93084
90 4 -2.82413 -3.94675 -6.02885
ALPHA 90 4 -2.82413 -3.94675 -6.02885
BETA 90 2 -3.30537 -3.71757 -6.02317
DELTA 90 2 -3.30537 -3.71757 -6.02317
91 0 -2.15933 -2.38546 -5.65837
91 1 -3.33677 -3.50204 -5.96888
91 2 -3.30537 -3.71757 -6.02317
91 3 -3.39894 -3.71757 -5.93084
91 4 -2.82413 -3.94675 -6.02885
ALPHA 91 4 -2.82413 -3.94675 -6.02885
BETA 91 2 -3.30537 -3.71757 -6.02317
DELTA 91 2 -3.30537 -3.71757 -6.02317
92 0 -2.15933 -2.38546 -5.65837
92 1 -3.33677 -3.50204 -5.96888
92 2 -3.30537 -3.71757 -6.02317
92 3 -3.39894 -3.71757 -5.93084
92 4 -2.82413 -3.94675 -6.02885
ALPHA 92 4 -2.82413 -3.94675 -6.02885
BETA 92 2 -3.30537 -3.71757 -6.02317
DELTA 92 2 -3.30537 -3.71757 -6.02317
93 0 -2.15933 -2.38546 -5.65837
93 1 -3.33677 -3.50204 -5.96888
93 2 -3.30537 -3.71757 -6.02317
93 3 -3.39894 -3.71757 -5.93084
93 4 -2.82413 -3.94675 -6.02885
ALPHA 93 4 -2.82413 -3.94675 -6.02885
BETA 93 2 -3.30537 -3.71757 -6.02317
DELTA 93 2 -3.30537 -3.71757 -6.02317
94 0 -2.15933 -2.38546 -5.65837
94 1 -3.33677 -3.50204 -5.96888
94 2 -3.30537 -3.71757 -6.02317
94 3 -3.39894 -3.71757 -5.93084
94 4 -2.82413 -3.94675 -6.02885
ALPHA 94 4 -2.82413 -3.94675 -6.02885
BETA 94 2 -3.30537 -3.71757 -6.02317
DELTA 94 2 -3.30537 -3.71757 -6.02317
95 0 -2.15933 -2.38546 -5.65837
95 1 -3.33677 -3.50204 -5.96888
95 2 -3.30537 -3.71757 -6.02317
95 3 -3.39894 -3.71757 -5.93084
95 4 -2.82413 -3.94675 -6.02885
ALPHA 95 4 -2.82413 -3.94675 -6.02885
BETA 95 2 -3.30537 -3.71757 -6.02317
DELTA 95 2 -3.30537 -3.71757 -6.02317
96 0 -2.15933 -2.38546 -5.65837
96 1 -3.33677 -3.50204 -5.96888
96 2 -3.30537 -3.71757 -6.02317
96 3 -3.39894 -3.71757 -5.93084
96 4 -2.82413 -3.94675 -6.02885
ALPHA 96 4 -2.82413 -3.94675 -6.02885
BETA 96 2 -3.30537 -3.71757 -6.02317
DELTA 96 2 -3.30537 -3.71757 -6.02317
97 0 -2.15933 -2.38546 -5.65837
97 1 -3.33677 -3.50204 -5.96888
97 2 -3.30537 -3.71757 -6.02317
97 3 -3.39894 -3.71757 -5.93084
97 4 -2.82413 -3.94675 -6.02885
ALPHA 97 4 -2.82413 -3.94675 -6.02885
BETA 97 2 -3.30537 -3.71757 -6.02317
DELTA 97 2 -3.30537 -3.71757 -6.02317
98 0 -2.15933 -2.38546 -5.65837
98 1 -3.33677 -3.50204 -5.96888
98 2 -3.30537 -3.71757 -6.02317
98 3 -3.39894 -3.71757 -5.93084
98 4 -2.82413 -3.94675 -6.02885
ALPHA 98 4 -2.82413 -3.94675 -6.02885
BETA 98 2 -3.30537 -3.71757 -6.02317
DELTA 98 2 -3.30537 -3.71757 -6.02317
99 0 -2.15933 -2.38546 -5.65837
99 1 -3.33677 -3.50204 -5.96888
99 2 -3.30537 -3.71757 -6.02317
99 3 -3.39894 -3.71757 -5.93084
99 4 -2.82413 -3.94675 -6.02885
ALPHA 99 4 -2.82413 -3.94675 -6.02885
BETA 99 2 -3.30537 -3.71757 -6.02317
DELTA 99 2 -3.30537 -3.71757 -6.02317
100 0 -2.15933 -2.38546 -5.65837
100 1 -3.33677 -3.50204 -5.96888
100 2 -3.30537 -3.71757 -6.02317
100 3 -3.39894 -3.71757 -5.93084
100 4 -2.82413 -3.94675 -6.02885
ALPHA 100 4 -2.82413 -3.94675 -6.02885
BETA 100 2 -3.30537 -3.71757 -6.02317
DELTA 100 2 -3.30537 -3.71757 -6.02317
101 0 -2.15933 -2.38546 -5.65837
101 1 -3.33677 -3.50204 -5.96888
101 2 -3.30537 -3.71757 -6.02317
101 3 -3.39894 -3.71757 -5.93084
101 4 -2.82413 -3.94675 -6.02885
ALPHA 101 4 -2.82413 -3.94675 -6.02885
BETA 101 2 -3.30537 -3.71757 -6.02317
DELTA 101 2 -3.30537 -3.71757 -6.02317
102 0 -2.15933 -2.38546 -5.65837
102 1 -3.33677 -3.50204 -5.96888
102 2 -3.30537 -3.71757 -6.02317
102 3 -3.39894 -3.71757 -5.93084
102 4 -2.82413 -3.94675 -6.02885
ALPHA 102 4 -2.82413 -3.94675 -6.02885
BETA 102 2 -3.30537 -3.71757 -6.02317
DELTA 102 2 -3.30537 -3.71757 -6.02317
103 0 -2.15933 -2.38546 -5.65837
103 1 -3.33677 -3.50204 -5.96888
103 2 -3.30537 -3.71757 -6.02317
103 3 -3.39894 -3.71757 -5.93084
103 4 -2.82413 -3.94675 -6.02885
ALPHA 103 4 -2.82413 -3.94675 -6.02885
BETA 103 2 -3.30537 -3.71757 -6.02317
DELTA 103 2 -3.30537 -3.71757 -6.02317
104 0 -2.15933 -2.38546 -5.65837
104 1 -3.33677 -3.50204 -5.96888
104 2 -3.30537 -3.71757 -6.02317
104 3 -3.39894 -3.71757 -5.93084
104 4 -2.82413 -3.94675 -6.02885
ALPHA 104 4 -2.82413 -3.94675 -6.02885
BETA 104 2 -3.30537 -3.71757 -6.02317
DELTA 104 2 -3.30537 -3.71757 -6.02317
105 0 -2.15933 -2.38546 -5.65837
105 1 -3.33677 -3.50204 -5.96888
105 2 -3.30537 -3.71757 -6.02317
105 3 -3.39894 -3.71757 -5.93084
105 4 -2.82413 -3.94675 -6.02885
ALPHA 105 4 -2.82413 -3.94675 -6.02885
BETA 105 2 -3.30537 -3.71757 -6.02317
DELTA 105 2 -3.30537 -3.71757 -6.02317
106 0 -2.15933 -2.38546 -5.65837
106 1 -3.33677 -3.50204 -5.96888
106 2 -3.30537 -3.71757 -6.02317
106 3 -3.39894 -3.71757 -5.93084
106 4 -2.82413 -3.94675 -6.02885
ALPHA 106 4 -2.82413 -3.94675 -6.02885
BETA 106 2 -3.30537 -3.71757 -6.02317
DELTA 106 2 -3.30537 -3.71757 -6.02317
107 0 -2.15933 -2.38546 -5.65837
107 1 -3.33677 -3.50204 -5.96888
107 2 -3.30537 -3.71757 -6.02317
107 3 -3.39894 -3.71757 -5.93084
107 4 -2.82413 -3.94675 -6.02885
ALPHA 107 4 -2.82413 -3.94675 -6.02885
BETA 107 2 -3.30537 -3.71757 -6.02317
DELTA 107 2 -3.30537 -3.71757 -6.02317
108 0 -2.15933 -2.38546 -5.65837
108 1 -3.33677 -3.50204 -5.96888
108 2 -3.30537 -3.71757 -6.02317
108 3 -3.39894 -3.71757 -5.93084
108 4 -2.82413 -3.94675 -6.02885
ALPHA 108 4 -2.82413 -3.94675 -6.02885
BETA 108 2 -3.30537 -3.71757 -6.02317
DELTA 108 2 -3.30537 -3.71757 -6.02317
109 0 -2.15933 -2.38546 -5.65837
109 1 -3.33677 -3.50204 -5.96888
109 2 -3.30537 -3.71757 -6.02317
109 3 -3.39894 -3.71757 -5.93084
109 4 -2.82413 -3.94675 -6.02885
ALPHA 109 4 -2.82413 -3.94675 -6.02885
BETA 109 2 -3.30537 -3.71757 -6.02317
DELTA 109 2 -3.30537 -3.71757 -6.02317
110 0 -2.15933 -2.38546 -5.65837
110 1 -3.33677 -3.50204 -5.96888
110 2 -3.30537 -3.71757 -6.02317
110 3 -3.39894 -3.71757 -5.93084
110 4 -2.82413 -3.94675 -6.02885
ALPHA 110 4 -2.82413 -3.94675 -6.02885
BETA 110 2 -3.30537 -3.71757 -6.02317
DELTA 110 2 -3.30537 -3.71757 -6.02317
111 0 -2.15933 -2.38546 -5.65837
111 1 -3.33677 -3.50204 -5.96888
111 2 -3.30537 -3.71757 -6.02317
111 3 -3.39894 -3.71757 -5.93084
111 4 -2.82413 -3.94675 -6.02885
ALPHA 111 4 -2.82413 -3.94675 -6.02885
BETA 111 2 -3.30537 -3.71757 -6.02317
DELTA 111 2 -3.30537 -3.71757 -6.02317
112 0 -2.15933 -2.38546 -5.65837
112 1 -3.33677 -3.50204 -5.96888
112 2 -3.30537 -3.71757 -6.02317
112 3 -3.39894 -3.71757 -5.93084
112 4 -2.82413 -3.94675 -6.02885
ALPHA 112 4 -2.82413 -3.94675 -6.02885
BETA 112 2 -3.30537 -3.71757 -6.02317
DELTA 112 2 -3.30537 -3.71757 -6.02317
113 0 -2.15933 -2.38546 -5.65837
113 1 -3.33677 -3.50204 -5.96888
113 2 -3.30537 -3.71757 -6.02317
113 3 -3.39894 -3.71757 -5.93084
113 4 -2.82413 -3.94675 -6.02885
ALPHA 113 4 -2.82413 -3.94675 -6.02885
BETA 113 2 -3.30537 -3.71757 -6.02317
DELTA 113 2 -3.30537 -3.71757 -6.02317
114 0 -2.15933 -2.38546 -5.65837
114 1 -3.33677 -3.50204 -5.96888
114 2 -3.30537 -3.71757 -6.02317
114 3 -3.39894 -3.71757 -5.93084
114 4 -2.82413 -3.94675 -6.02885
ALPHA 114 4 -2.82413 -3.94675 -6.02885
BETA 114 2 -3.30537 -3.71757 -6.02317
DELTA 114 2 -3.30537 -3.71757 -6.02317
115 0 -2.15933 -2.38546 -5.65837
115 1 -3.33677 -3.50204 -5.96888
115 2 -3.30537 -3.71757 -6.02317
115 3 -3.39894 -3.71757 -5.93084
115 4 -2.82413 -3.94675 -6.02885
ALPHA 115 4 -2.82413 -3.94675 -6.02885
BETA 115 2 -3.30537 -3.71757 -6.02317
DELTA 115 2 -3.30537 -3.71757 -6.02317
116 0 -2.15933 -2.38546 -5.65837
116 1 -3.33677 -3.50204 -5.96888
116 2 -3.30537 -3.71757 -6.02317
116 3 -3.39894 -3.71757 -5.93084
116 4 -2.82413 -3.94675 -6.02885
ALPHA 116 4 -2.82413 -3.94675 -6.02885
BETA 116 2 -3.30537 -3.71757 -6.02317
DELTA 116 2 -3.30537 -3.71757 -6.02317
117 0 -2.15933 -2.38546 -5.65837
117 1 -3.33677 -3.50204 -5.96888
117 2 -3.30537 -3.71757 -6.02317
117 3 -3.39894 -3.71757 -5.93084
117 4 -2.82413 -3.94675 -6.02885
ALPHA 117 4 -2.82413 -3.94675 -6.02885
BETA 117 2 -3.30537 -3.71757 -6.02317
DELTA 117 2 -3.30537 -3.71757 -6.02317
118 0 -2.15933 -2.38546 -5.65837
118 1 -3.33677 -3.50204 -5.96888
118 2 -3.30537 -3.71757 -6.02317
118 3 -3.39894 -3.71757 -5.93084
118 4 -2.82413 -3.94675 -6.02885
ALPHA 118 4 -2.82413 -3.94675 -6.02885
BETA 118 2 -3.30537 -3.71757 -6.02317
DELTA 118 2 -3.30537 -3.71757 -6.02317
119 0 -2.15933 -2.38546 -5.65837
119 1 -3.33677 -3.50204 -5.96888
119 2 -3.30537 -3.71757 -6.02317
119 3 -3.39894 -3.71757 -5.93084
119 4 -2.82413 -3.94675 -6.02885
ALPHA 119 4 -2.82413 -3.94675 -6.02885
BETA 119 2 -3.30537 -3.71757 -6.02317
DELTA 119 2 -3.30537 -3.71757 -6.02317
120 0 -2.15933 -2.38546 -5.65837
120 1 -3.33677 -3.50204 -5.96888
120 2 -3.30537 -3.71757 -6.02317
120 3 -3.39894 -3.71757 -5.93084
120 4 -2.82413 -3.94675 -6.02885
ALPHA 120 4 -2.82413 -3.94675 -6.02885
BETA 120 2 -3.30537 -3.71757 -6.02317
DELTA 120 2 -3.30537 -3.71757 -6.02317
121 0 -2.15933 -2.38546 -5.65837
121 1 -3.33677 -3.50204 -5.96888
121 2 -3.30537 -3.71757 -6.02317
121 3 -3.39894 -3.71757 -5.93084
121 4 -2.82413 -3.94675 -6.02885
ALPHA 121 4 -2.82413 -3.94675 -6.02885
BETA 121 2 -3.30537 -3.71757 -6.02317
DELTA 121 2 -3.30537 -3.71757 -6.02317
122 0 -2.15933 -2.38546 -5.65837
122 1 -3.33677 -3.50204 -5.96888
122 2 -3.30537 -3.71757 -6.02317
122 3 -3.39894 -3.71757 -5.93084
122 4 -2.82413 -3.94675 -6.02885
ALPHA 122 4 -2.82413 -3.94675 -6.02885
BETA 122 2 -3.30537 -3.71757 -6.02317
DELTA 122 2 -3.30537 -3.71757 -6.02317
123 0 -2.15933 -2.38546 -5.65837
123 1 -3.33677 -3.50204 -5.96888
123 2 -3.30537 -3.71757 -6.02317
123 3 -3.39894 -3.71757 -5.93084
123 4 -2.82413 -3.94675 -6.02885
ALPHA 123 4 -2.82413 -3.94675 -6.02885
BETA 123 2 -3.30537 -3.71757 -6.02317
DELTA 123 2 -3.30537 -3.71757 -6.02317
124 0 -2.15933 -2.38546 -5.65837
124 1 -3.33677 -3.50204 -5.96888
124 2 -3.30537 -3.71757 -6.02317
124 3 -3.39894 -3.71757 -5.93084
124 4 -2.82413 -3.94675 -6.02885
ALPHA 124 4 -2.82413 -3.94675 -6.02885
BETA 124 2 -3.30537 -3.71757 -6.02317
DELTA 124 2 -3.30537 -3.71757 -6.02317
125 0 -2.15933 -2.38546 -5.65837
125 1 -3.33677 -3.50204 -5.96888
125 2 -3.30537 -3.71757 -6.02317
125 3 -3.39894 -3.71757 -5.93084
125 4 -2.82413 -3.94675 -6.02885
ALPHA 125 4 -2.82413 -3.94675 -6.02885
BETA 125 2 -3.30537 -3.71757 -6.02317
DELTA 125 2 -3.30537 -3.71757 -6.02317
126 0 -2.15933 -2.38546 -5.65837
126 1 -3.33677 -3.50204 -5.96888
126 2 -3.30537 -3.71757 -6.02317
126 3 -3.39894 -3.71757 -5.93084
126 4 -2.82413 -3.94675 -6.02885
ALPHA 126 4 -2.82413 -3.94675 -6.02885
BETA 126 2 -3.30537 -3.71757 -6.02317
DELTA 126 2 -3.30537 -3.71757 -6.02317
127 0 -2.15933 -2.38546 -5.65837
127 1 -3.33677 -3.50204 -5.96888
127 2 -3.30537 -3.71757 -6.02317
127 3 -3.39894 -3.71757 -5.93084
127 4 -2.82413 -3.94675 -6.02885
ALPHA 127 4 -2.82413 -3.94675 -6.02885
BETA 127 2 -3.30537 -3.71757 -6.02317
DELTA 127 2 -3.30537 -3.71757 -6.02317
128 0 -2.15933 -2.38546 -5.65837
128 1 -3.33677 -3.50204 -5.96888
128 2 -3.30537 -3.71757 -6.02317
128 3 -3.39894 -3.71757 -5.93084
128 4 -2.82413 -3.94675 -6.02885
ALPHA 128 4 -2.82413 -3.94675 -6.02885
BETA 128 2 -3.30537 -3.71757 -6.02317
DELTA 128 2 -3.30537 -3.71757 -6.02317
129 0 -2.15933 -2.38546 -5.65837
129 1 -3.33677 -3.50204 -5.96888
129 2 -3.30537 -3.71757 -6.02317
129 3 -3.39894 -3.71757 -5.93084
129 4 -2.82413 -3.94675 -6.02885
ALPHA 129 4 -2.82413 -3.94675 -6.02885
BETA 129 2 -3.30537 -3.71757 -6.02317
DELTA 129 2 -3.30537 -3.71757 -6.02317
130 0 -2.15933 -2.38546 -5.65837
130 1 -3.33677 -3.50204 -5.96888
130 2 -3.30537 -3.71757 -6.02317
130 3 -3.39894 -3.71757 -5.93084
130 4 -2.82413 -3.94675 -6.02885
ALPHA 130 4 -2.82413 -3.94675 -6.02885
BETA 130 2 -3.30537 -3.71757 -6.02317
DELTA 130 2 -3.30537 -3.71757 -6.02317
131 0 -2.15933 -2.38546 -5.65837
131 1 -3.33677 -3.50204 -5.96888
131 2 -3.30537 -3.71757 -6.02317
131 3 -3.39894 -3.71757 -5.93084
131 4 -2.82413 -3.94675 -6.02885
ALPHA 131 4 -2.82413 -3.94675 -6.02885
BETA 131 2 -3.30537 -3.71757 -6.02317
DELTA 131 2 -3.30537 -3.71757 -6.02317
132 0 -2.15933 -2.38546 -5.65837
132 1 -3.33677 -3.50204 -5.96888
132 2 -3.30537 -3.71757 -6.02317
132 3 -3.39894 -3.71757 -5.93084
132 4 -2.82413 -3.94675 -6.02885
ALPHA 132 4 -2.82413 -3.94675 -6.02885
BETA 132 2 -3.30537 -3.71757 -6.02317
DELTA 132 2 -3.30537 -3.71757 -6.02317
133 0 -2.15933 -2.38546 -5.65837
133 1 -3.33677 -3.50204 -5.96888
133 2 -3.30537 -3.71757 -6.02317
133 3 -3.39894 -3.71757 -5.93084
133 4 -2.82413 -3.94675 -6.02885
ALPHA 133 4 -2.82413 -3.94675 -6.02885
BETA 133 2 -3.30537 -3.71757 -6.02317
DELTA 133 2 -3.30537 -3.71757 -6.02317
134 0 -2.15933 -2.38546 -5.65837
134 1 -3.33677 -3.50204 -5.96888
134 2 -3.30537 -3.71757 -6.02317
134 3 -3.39894 -3.71757 -5.93084
134 4 -2.82413 -3.94675 -6.02885
ALPHA 134 4 -2.82413 -3.94675 -6.02885
BETA 134 2 -3.30537 -3.71757 -6.02317
DELTA 134 2 -3.30537 -3.71757 -6.02317
135 0 -2.15933 -2.38546 -5.65837
135 1 -3.33677 -3.50204 -5.96888
135 2 -3.30537 -3.71757 -6.02317
135 3 -3.39894 -3.71757 -5.93084
135 4 -2.82413 -3.94675 -6.02885
ALPHA 135 4 -2.82413 -3.94675 -6.02885
BETA 135 2 -3.30537 -3.71757 -6.02317
DELTA 135 2 -3.30537 -3.71757 -6.02317
136 0 -2.15933 -2.38546 -5.65837
136 1 -3.33677 -3.50204 -5.96888
136 2 -3.30537 -3.71757 -6.02317
136 3 -3.39894 -3.71757 -5.93084
136 4 -2.82413 -3.94675 -6.02885
ALPHA 136 4 -2.82413 -3.94675 -6.02885
BETA 136 2 -3.30537 -3.71757 -6.02317
DELTA 136 2 -3.30537 -3.71757 -6.02317
137 0 -2.15933 -2.38546 -5.65837
137 1 -3.33677 -3.50204 -5.96888
137 2 -3.30537 -3.71757 -6.02317
137 3 -3.39894 -3.71757 -5.93084
137 4 -2.82413 -3.94675 -6.02885
ALPHA 137 4 -2.82413 -3.94675 -6.02885
BETA 137 2 -3.30537 -3.71757 -6.02317
DELTA 137 2 -3.30537 -3.71757 -6.02317
138 0 -2.15933 -2.38546 -5.65837
138 1 -3.33677 -3.50204 -5.96888
138 2 -3.30537 -3.71757 -6.02317
138 3 -3.39894 -3.71757 -5.93084
138 4 -2.82413 -3.94675 -6.02885
ALPHA 138 4 -2.82413 -3.94675 -6.02885
BETA 138 2 -3.30537 -3.71757 -6.02317
DELTA 138 2 -3.30537 -3.71757 -6.02317
139 0 -2.15933 -2.38546 -5.65837
139 1 -3.33677 -3.50204 -5.96888
139 2 -3.30537 -3.71757 -6.02317
139 3 -3.39894 -3.71757 -5.93084
139 4 -2.82413 -3.94675 -6.02885
ALPHA 139 4 -2.82413 -3.94675 -6.02885
BETA 139 2 -3.30537 -3.71757 -6.02317
DELTA 139 2 -3.30537 -3.71757 -6.02317
140 0 -2.15933 -2.38546 -5.65837
140 1 -3.33677 -3.50204 -5.96888
140 2 -3.30537 -3.71757 -6.02317
140 3 -3.39894 -3.71757 -5.93084
140 4 -2.82413 -3.94675 -6.02885
ALPHA 140 4 -2.82413 -3.94675 -6.02885
BETA 140 2 -3.30537 -3.71757 -6.02317
DELTA 140 2 -3.30537 -3.71757 -6.02317
141 0 -2.15933 -2.38546 -5.65837
141 1 -3.33677 -3.50204 -5.96888
141 2 -3.30537 -3.71757 -6.02317
141 3 -3.39894 -3.71757 -5.93084
141 4 -2.82413 -3.94675 -6.02885
ALPHA 141 4 -2.82413 -3.94675 -6.02885
BETA 141 2 -3.30537 -3.71757 -6.02317
DELTA 141 2 -3.30537 -3.71757 -6.02317
142 0 -2.15933 -2.38546 -5.65837
142 1 -3.33677 -3.50204 -5.96888
142 2 -3.30537 -3.71757 -6.02317
142 3 -3.39894 -3.71757 -5.93084
142 4 -2.82413 -3.94675 -6.02885
ALPHA 142 4 -2.82413 -3.94675 -6.02885
BETA 142 2 -3.30537 -3.71757 -6.02317
DELTA 142 2 -3.30537 -3.71757 -6.02317
143 0 -2.15933 -2.38546 -5.65837
143 1 -3.33677 -3.50204 -5.96888
143 2 -3.30537 -3.71757 -6.02317
143 3 -3.39894 -3.71757 -5.93084
143 4 -2.82413 -3.94675 -6.02885
ALPHA 143 4 -2.82413 -3.94675 -6.02885
BETA 143 2 -3.30537 -3.71757 -6.02317
DELTA 143 2 -3.30537 -3.71757 -6.02317
144 0 -2.15933 -2.38546 -5.65837
144 1 -3.33677 -3.50204 -5.96888
144 2 -3.30537 -3.71757 -6.02317
144 3 -3.39894 -3.71757 -5.93084
144 4 -2.82413 -3.94675 -6.02885
ALPHA 144 4 -2.82413 -3.94675 -6.02885
BETA 144 2 -3.30537 -3.71757 -6.02317
DELTA 144 2 -3.30537 -3.71757 -6.02317
145 0 -2.15933 -2.38546 -5.65837
145 1 -3.33677 -3.50204 -5.96888
145 2 -3.30537 -3.71757 -6.02317
145 3 -3.39894 -3.71757 -5.93084
145 4 -2.82413 -3.94675 -6.02885
ALPHA 145 4 -2.82413 -3.94675 -6.02885
BETA 145 2 -3.30537 -3.71757 -6.02317
DELTA 145 2 -3.30537 -3.71757 -6.02317
146 0 -2.15933 -2.38546 -5.65837
146 1 -3.33677 -3.50204 -5.96888
146 2 -3.30537 -3.71757 -6.02317
146 3 -3.39894 -3.71757 -5.93084
146 4 -2.82413 -3.94675 -6.02885
ALPHA 146 4 -2.82413 -3.94675 -6.02885
BETA 146 2 -3.30537 -3.71757 -6.02317
DELTA 146 2 -3.30537 -3.71757 -6.02317
147 0 -2.15933 -2.38546 -5.65837
147 1 -3.33677 -3.50204 -5.96888
147 2 -3.30537 -3.71757 -6.02317
147 3 -3.39894 -3.71757 -5.93084
147 4 -2.82413 -3.94675 -6.02885
ALPHA 147 4 -2.82413 -3.94675 -6.02885
BETA 147 2 -3.30537 -3.71757 -6.02317
DELTA 147 2 -3.30537 -3.71757 -6.02317
148 0 -2.15933 -2.38546 -5.65837
148 1 -3.33677 -3.50204 -5.96888
148 2 -3.30537 -3.71757 -6.02317
148 3 -3.39894 -3.71757 -5.93084
148 4 -2.82413 -3.94675 -6.02885
ALPHA 148 4 -2.82413 -3.94675 -6.02885
BETA 148 2 -3.30537 -3.71757 -6.02317
DELTA 148 2 -3.30537 -3.71757 -6.02317
149 0 -2.15933 -2.38546 -5.65837
149 1 -3.33677 -3.50204 -5.96888
149 2 -3.30537 -3.71757 -6.02317
149 3 -3.39894 -3.71757 -5.93084
149 4 -2.82413 -3.94675 -6.02885
ALPHA 149 4 -2.82413 -3.94675 -6.02885
BETA 149 2 -3.30537 -3.71757 -6.02317
DELTA 149 2 -3.30537 -3.71757 -6.02317
150 0 -2.15933 -2.38546 -5.65837
150 1 -3.33677 -3.50204 -5.96888
150 2 -3.30537 -3.71757 -6.02317
150 3 -3.39894 -3.71757 -5.93084
150 4 -2.82413 -3.94675 -6.02885
ALPHA 150 4 -2.82413 -3.94675 -6.02885
BETA 150 2 -3.30537 -3.71757 -6.02317
DELTA 150 2 -3.30537 -3.71757 -6.02317
151 0 -2.15933 -2.38546 -5.65837
151 1 -3.33677 -3.50204 -5.96888
151 2 -3.30537 -3.71757 -6.02317
151 3 -3.39894 -3.71757 -5.93084
151 4 -2.82413 -3.94675 -6.02885
ALPHA 151 4 -2.82413 -3.94675 -6.02885
BETA 151 2 -3.30537 -3.71757 -6.02317
DELTA 151 2 -3.30537 -3.71757 -6.02317
152 0 -2.15933 -2.38546 -5.65837
152 1 -3.33677 -3.50204 -5.96888
152 2 -3.30537 -3.71757 -6.02317
152 3 -3.39894 -3.71757 -5.93084
152 4 -2.82413 -3.94675 -6.02885
ALPHA 152 4 -2.82413 -3.94675 -6.02885
BETA 152 2 -3.30537 -3.71757 -6.02317
DELTA 152 2 -3.30537 -3.71757 -6.02317
153 0 -2.15933 -2.38546 -5.65837
153 1 -3.33677 -3.50204 -5.96888
153 2 -3.30537 -3.71757 -6.02317
153 3 -3.39894 -3.71757 -5.93084
153 4 -2.82413 -3.94675 -6.02885
ALPHA 153 4 -2.82413 -3.94675 -6.02885
BETA 153 2 -3.30537 -3.71757 -6.02317
DELTA 153 2 -3.30537 -3.71757 -6.02317
154 0 -2.15933 -2.38546 -5.65837
154 1 -3.33677 -3.50204 -5.96888
154 2 -3.30537 -3.71757 -6.02317
154 3 -3.39894 -3.71757 -5.93084
154 4 -2.82413 -3.94675 -6.02885
ALPHA 154 4 -2.82413 -3.94675 -6.02885
BETA 154 2 -3.30537 -3.71757 -6.02317
DELTA 154 2 -3.30537 -3.71757 -6.02317
155 0 -2.15933 -2.38546 -5.65837
155 1 -3.33677 -3.50204 -5.96888
155 2 -3.30537 -3.71757 -6.02317
155 3 -3.39894 -3.71757 -5.93084
155 4 -2.82413 -3.94675 -6.02885
ALPHA 155 4 -2.82413 -3.94675 -6.02885
BETA 155 2 -3.30537 -3.71757 -6.02317
DELTA 155 2 -3.30537 -3.71757 -6.02317
156 0 -2.15933 -2.38546 -5.65837
156 1 -3.33677 -3.50204 -5.96888
156 2 -3.30537 -3.71757 -6.02317
156 3 -3.39894 -3.71757 -5.93084
156 4 -2.82413 -3.94675 -6.02885
ALPHA 156 4 -2.82413 -3.94675 -6.02885
BETA 156 2 -3.30537 -3.71757 -6.02317
DELTA 156 2 -3.30537 -3.71757 -6.02317
157 0 -2.15933 -2.38546 -5.65837
157 1 -3.33677 -3.50204 -5.96888
157 2 -3.30537 -3.71757 -6.02317
157 3 -3.39894 -3.71757 -5.93084
157 4 -2.82413 -3.94675 -6.02885
ALPHA 157 4 -2.82413 -3.94675 -6.02885
BETA 157 2 -3.30537 -3.71757 -6.02317
DELTA 157 2 -3.30537 -3.71757 -6.02317
158 0 -2.15933 -2.38546 -5.65837
158 1 -3.33677 -3.50204 -5.96888
158 2 -3.30537 -3.71757 -6.02317
158 3 -3.39894 -3.71757 -5.93084
158 4 -2.82413 -3.94675 -6.02885
ALPHA 158 4 -2.82413 -3.94675 -6.02885
BETA 158 2 -3.30537 -3.71757 -6.02317
DELTA 158 2 -3.30537 -3.71757 -6.02317
159 0 -2.15933 -2.38546 -5.65837
159 1 -3.33677 -3.50204 -5.96888
159 2 -3.30537 -3.71757 -6.02317
159 3 -3.39894 -3.71757 -5.93084
159 4 -2.82413 -3.94675 -6.02885
ALPHA 159 4 -2.82413 -3.94675 -6.02885
BETA 159 2 -3.30537 -3.71757 -6.02317
DELTA 159 2 -3.30537 -3.71757 -6.02317
160 0 -2.15933 -2.38546 -5.65837
160 1 -3.33677 -3.50204 -5.96888
160 2 -3.30537 -3.71757 -6.02317
160 3 -3.39894 -3.71757 -5.93084
160 4 -2.82413 -3.94675 -6.02885
ALPHA 160 4 -2.82413 -3.94675 -6.02885
BETA 160 2 -3.30537 -3.71757 -6.02317
DELTA 160 2 -3.30537 -3.71757 -6.02317
161 0 -2.15933 -2.38546 -5.65837
161 1 -3.33677 -3.50204 -5.96888
161 2 -3.30537 -3.71757 -6.02317
161 3 -3.39894 -3.71757 -5.93084
161 4 -2.82413 -3.94675 -6.02885
ALPHA 161 4 -2.82413 -3.94675 -6.02885
BETA 161 2 -3.30537 -3.71757 -6.02317
DELTA 161 2 -3.30537 -3.71757 -6.02317
162 0 -2.15933 -2.38546 -5.65837
162 1 -3.33677 -3.50204 -5.96888
162 2 -3.30537 -3.71757 -6.02317
162 3 -3.39894 -3.71757 -5.93084
162 4 -2.82413 -3.94675 -6.02885
ALPHA 162 4 -2.82413 -3.94675 -6.02885
BETA 162 2 -3.30537 -3.71757 -6.02317
DELTA 162 2 -3.30537 -3.71757 -6.02317
163 0 -2.15933 -2.38546 -5.65837
163 1 -3.33677 -3.50204 -5.96888
163 2 -3.30537 -3.71757 -6.02317
163 3 -3.39894 -3.71757 -5.93084
163 4 -2.82413 -3.94675 -6.02885
ALPHA 163 4 -2.82413 -3.94675 -6.02885
BETA 163 2 -3.30537 -3.71757 -6.02317
DELTA 163 2 -3.30537 -3.71757 -6.02317
164 0 -2.15933 -2.38546 -5.65837
164 1 -3.33677 -3.50204 -5.96888
164 2 -3.30537 -3.71757 -6.02317
164 3 -3.39894 -3.71757 -5.93084
164 4 -2.82413 -3.94675 -6.02885
ALPHA 164 4 -2.82413 -3.94675 -6.02885
BETA 164 2 -3.30537 -3.71757 -6.02317
DELTA 164 2 -3.30537 -3.71757 -6.02317
165 0 -2.15933 -2.38546 -5.65837
165 1 -3.33677 -3.50204 -5.96888
165 2 -3.30537 -3.71757 -6.02317
165 3 -3.39894 -3.71757 -5.93084
165 4 -2.82413 -3.94675 -6.02885
ALPHA 165 4 -2.82413 -3.94675 -6.02885
BETA 165 2 -3.30537 -3.71757 -6.02317
DELTA 165 2 -3.30537 -3.71757 -6.02317
166 0 -2.15933 -2.38546 -5.65837
166 1 -3.33677 -3.50204 -5.96888
166 2 -3.30537 -3.71757 -6.02317
166 3 -3.39894 -3.71757 -5.93084
166 4 -2.82413 -3.94675 -6.02885
ALPHA 166 4 -2.82413 -3.94675 -6.02885
BETA 166 2 -3.30537 -3.71757 -6.02317
DELTA 166 2 -3.30537 -3.71757 -6.02317
167 0 -2.15933 -2.38546 -5.65837
167 1 -3.33677 -3.50204 -5.96888
167 2 -3.30537 -3.71757 -6.02317
167 3 -3.39894 -3.71757 -5.93084
167 4 -2.82413 -3.94675 -6.02885
ALPHA 167 4 -2.82413 -3.94675 -6.02885
BETA 167 2 -3.30537 -3.71757 -6.02317
DELTA 167 2 -3.30537 -3.71757 -6.02317
168 0 -2.15933 -2.38546 -5.65837
168 1 -3.33677 -3.50204 -5.96888
168 2 -3.30537 -3.71757 -6.02317
168 3 -3.39894 -3.71757 -5.93084
168 4 -2.82413 -3.94675 -6.02885
ALPHA 168 4 -2.82413 -3.94675 -6.02885
BETA 168 2 -3.30537 -3.71757 -6.02317
DELTA 168 2 -3.30537 -3.71757 -6.02317
169 0 -2.15933 -2.38546 -5.65837
169 1 -3.33677 -3.50204 -5.96888
169 2 -3.30537 -3.71757 -6.02317
169 3 -3.39894 -3.71757 -5.93084
169 4 -2.82413 -3.94675 -6.02885
ALPHA 169 4 -2.82413 -3.94675 -6.02885
BETA 169 2 -3.30537 -3.71757 -6.02317
DELTA 169 2 -3.30537 -3.71757 -6.02317
170 0 -2.15933 -2.38546 -5.65837
170 1 -3.33677 -3.50204 -5.96888
170 2 -3.30537 -3.71757 -6.02317
170 3 -3.39894 -3.71757 -5.93084
170 4 -2.82413 -3.94675 -6.02885
ALPHA 170 4 -2.82413 -3.94675 -6.02885
BETA 170 2 -3.30537 -3.71757 -6.02317
DELTA 170 2 -3.30537 -3.71757 -6.02317
171 0 -2.15933 -2.38546 -5.65837
171 1 -3.33677 -3.50204 -5.96888
171 2 -3.30537 -3.71757 -6.02317
171 3 -3.39894 -3.71757 -5.93084
171 4 -2.82413 -3.94675 -6.02885
ALPHA 171 4 -2.82413 -3.94675 -6.02885
BETA 171 2 -3.30537 -3.71757 -6.02317
DELTA 171 2 -3.30537 -3.71757 -6.02317
172 0 -2.15933 -2.38546 -5.65837
172 1 -3.33677 -3.50204 -5.96888
172 2 -3.30537 -3.71757 -6.02317
172 3 -3.39894 -3.71757 -5.93084
172 4 -2.82413 -3.94675 -6.02885
ALPHA 172 4 -2.82413 -3.94675 -6.02885
BETA 172 2 -3.30537 -3.71757 -6.02317
DELTA 172 2 -3.30537 -3.71757 -6.02317
173 0 -2.15933 -2.38546 -5.65837
173 1 -3.33677 -3.50204 -5.96888
173 2 -3.30537 -3.71757 -6.02317
173 3 -3.39894 -3.71757 -5.93084
173 4 -2.82413 -3.94675 -6.02885
ALPHA 173 4 -2.82413 -3.94675 -6.02885
BETA 173 2 -3.30537 -3.71757 -6.02317
DELTA 173 2 -3.30537 -3.71757 -6.02317
174 0 -3.43924 -4.17579 -5.67758
174 1 -3.33677 -3.50204 -5.96888
174 2 -3.30537 -3.71757 -6.02317
174 3 -3.39894 -3.71757 -5.93084
174 4 -2.82413 -3.94675 -6.02885
ALPHA 174 4 -2.82413 -3.94675 -6.02885
BETA 174 2 -3.30537 -3.71757 -6.02317
DELTA 174 2 -3.30537 -3.71757 -6.02317
175 0 -3.27776 -3.95102 -5.95582
175 1 -3.33677 -3.50204 -5.96888
175 2 -3.30537 -3.71757 -6.02317
175 3 -3.39894 -3.71757 -5.93084
175 4 -2.82413 -3.94675 -6.02885
ALPHA 175 4 -2.82413 -3.94675 -6.02885
BETA 175 2 -3.30537 -3.71757 -6.02317
DELTA 175 2 -3.30537 -3.71757 -6.02317
176 0 -3.27776 -3.95102 -5.95582
176 1 -3.33677 -3.50204 -5.96888
176 2 -3.30537 -3.71757 -6.02317
176 3 -3.39894 -3.71757 -5.93084
176 4 -2.82413 -3.94675 -6.02885
ALPHA 176 4 -2.82413 -3.94675 -6.02885
BETA 176 2 -3.30537 -3.71757 -6.02317
DELTA 176 2 -3.30537 -3.71757 -6.02317
177 0 -3.27776 -3.95102 -5.95582
177 1 -3.33677 -3.50204 -5.96888
177 2 -3.30537 -3.71757 -6.02317
177 3 -3.27192 -3.9887 -5.93415
177 4 -2.82413 -3.94675 -6.02885
ALPHA 177 4 -2.82413 -3.94675 -6.02885
BETA 177 2 -3.30537 -3.71757 -6.02317
DELTA 177 2 -3.30537 -3.71757 -6.02317
178 0 -3.27776 -3.95102 -5.95582
178 1 -3.33677 -3.50204 -5.96888
178 2 -3.30537 -3.71757 -6.02317
178 3 -3.27985 -3.95237 -5.95371
178 4 -2.82413 -3.94675 -6.02885
ALPHA 178 4 -2.82413 -3.94675 -6.02885
BETA 178 2 -3.30537 -3.71757 -6.02317
DELTA 178 2 -3.30537 -3.71757 -6.02317
179 0 -3.27341 -3.94923 -5.95956
179 1 -3.33677 -3.50204 -5.96888
179 2 -3.30537 -3.71757 -6.02317
179 3 -3.2732 -3.9491 -5.95977
179 4 -2.82413 -3.94675 -6.02885
ALPHA 179 4 -2.82413 -3.94675 -6.02885
BETA 179 2 -3.30537 -3.71757 -6.02317
DELTA 179 2 -3.30537 -3.71757 -6.02317
180 0 -3.26798 -3.94235 -5.96706
180 1 -3.33677 -3.50204 -5.96888
180 2 -3.30537 -3.71757 -6.02317
180 3 -3.268 -3.94236 -5.96705
180 4 -2.82413 -3.94675 -6.02885
ALPHA 180 4 -2.82413 -3.94675 -6.02885
BETA 180 2 -3.30537 -3.71757 -6.02317
DELTA 180 2 -3.30537 -3.71757 -6.02317
181 0 -3.26261 -3.9359 -5.97419
181 1 -3.33677 -3.50204 -5.96888
181 2 -3.30537 -3.71757 -6.02317
181 3 -3.26261 -3.9359 -5.97419
181 4 -2.82413 -3.94675 -6.02885
ALPHA 181 4 -2.82413 -3.94675 -6.02885
BETA 181 2 -3.30537 -3.71757 -6.02317
DELTA 181 2 -3.30537 -3.71757 -6.02317
182 0 -3.25719 -3.92936 -5.98133
182 1 -3.33677 -3.50204 -5.96888
182 2 -3.30537 -3.71757 -6.02317
182 3 -3.25719 -3.92936 -5.98133
182 4 -2.82413 -3.94675 -6.02885
ALPHA 182 4 -2.82413 -3.94675 -6.02885
BETA 182 2 -3.30537 -3.71757 -6.02317
DELTA 182 2 -3.30537 -3.71757 -6.02317
183 0 -3.25173 -3.92277 -5.98846
183 1 -3.24525 -3.95757 -5.97008
183 2 -3.30537 -3.71757 -6.02317
183 3 -3.25173 -3.92277 -5.98846
183 4 -2.82413 -3.94675 -6.02885
ALPHA 183 4 -2.82413 -3.94675 -6.02885
BETA 183 2 -3.30537 -3.71757 -6.02317
DELTA 183 2 -3.30537 -3.71757 -6.02317
184 0 -3.24622 -3.91612 -5.99557
184 1 -3.24671 -3.91344 -5.99684
184 2 -3.30537 -3.71757 -6.02317
184 3 -3.24622 -3.91612 -5.99557
184 4 -2.82413 -3.94675 -6.02885
ALPHA 184 4 -2.82413 -3.94675 -6.02885
BETA 184 2 -3.30537 -3.71757 -6.02317
DELTA 184 2 -3.30537 -3.71757 -6.02317
185 0 -3.24066 -3.90942 -6.00266
185 1 -3.24062 -3.90961 -6.00257
185 2 -3.30537 -3.71757 -6.02317
185 3 -3.24066 -3.90942 -6.00266
185 4 -2.82413 -3.94675 -6.02885
ALPHA 185 4 -2.82413 -3.94675 -6.02885
BETA 185 2 -3.30537 -3.71757 -6.02317
DELTA 185 2 -3.30537 -3.71757 -6.02317
186 0 -3.23505 -3.90265 -6.00974
186 1 -3.23506 -3.90264 -6.00974
186 2 -3.30537 -3.71757 -6.02317
186 3 -3.23505 -3.90265 -6.00974
186 4 -2.82413 -3.94675 -6.02885
ALPHA 186 4 -2.82413 -3.94675 -6.02885
BETA 186 2 -3.30537 -3.71757 -6.02317
DELTA 186 2 -3.30537 -3.71757 -6.02317
187 0 -3.2294 -3.89584 -6.01679
187 1 -3.2294 -3.89584 -6.01679
187 2 -3.30537 -3.71757 -6.02317
187 3 -3.2294 -3.89584 -6.01679
187 4 -2.82413 -3.94675 -6.02885
ALPHA 187 4 -2.82413 -3.94675 -6.02885
BETA 187 2 -3.30537 -3.71757 -6.02317
DELTA 187 2 -3.30537 -3.71757 -6.02317
188 0 -3.2237 -3.88896 -6.02383
188 1 -3.2237 -3.88896 -6.02383
188 2 -3.30537 -3.71757 -6.02317
188 3 -3.2237 -3.88896 -6.02383
188 4 -2.82413 -3.94675 -6.02885
ALPHA 188 4 -2.82413 -3.94675 -6.02885
BETA 188 1 -3.2237 -3.88896 -6.02383
DELTA 188 0 -3.2237 -3.88896 -6.02383
189 0 -3.2237 -3.88896 -6.02383
189 1 -3.2237 -3.88896 -6.02383
189 2 -3.30537 -3.71757 -6.02317
189 3 -3.2237 -3.88896 -6.02383
189 4 -2.82413 -3.94675 -6.02885
ALPHA 189 4 -2.82413 -3.94675 -6.02885
BETA 189 1 -3.2237 -3.88896 -6.02383
DELTA 189 0 -3.2237 -3.88896 -6.02383
190 0 -3.2237 -3.88896 -6.02383
190 1 -3.2237 -3.88896 -6.02383
190 2 -3.30537 -3.71757 -6.02317
190 3 -3.2237 -3.88896 -6.02383
190 4 -2.82413 -3.94675 -6.02885
ALPHA 190 4 -2.82413 -3.94675 -6.02885
BETA 190 1 -3.2237 -3.88896 -6.02383
DELTA 190 0 -3.2237 -3.88896 -6.02383
191 0 -3.2237 -3.88896 -6.02383
191 1 -3.2237 -3.88896 -6.02383
191 2 -3.30537 -3.71757 -6.02317
191 3 -3.2237 -3.88896 -6.02383
191 4 -2.82413 -3.94675 -6.02885
ALPHA 191 4 -2.82413 -3.94675 -6.02885
BETA 191 1 -3.2237 -3.88896 -6.02383
DELTA 191 0 -3.2237 -3.88896 -6.02383
192 0 -3.2237 -3.88896 -6.02383
192 1 -3.2237 -3.88896 -6.02383
192 2 -3.30537 -3.71757 -6.02317
192 3 -3.2237 -3.88896 -6.02383
192 4 -2.82413 -3.94675 -6.02885
ALPHA 192 4 -2.82413 -3.94675 -6.02885
BETA 192 1 -3.2237 -3.88896 -6.02383
DELTA 192 0 -3.2237 -3.88896 -6.02383
193 0 -3.2237 -3.88896 -6.02383
193 1 -3.2237 -3.88896 -6.02383
193 2 -3.30537 -3.71757 -6.02317
193 3 -3.2237 -3.88896 -6.02383
193 4 -2.82413 -3.94675 -6.02885
ALPHA 193 4 -2.82413 -3.94675 -6.02885
BETA 193 1 -3.2237 -3.88896 -6.02383
DELTA 193 0 -3.2237 -3.88896 -6.02383
194 0 -3.2237 -3.88896 -6.02383
194 1 -3.2237 -3.88896 -6.02383
194 2 -3.30537 -3.71757 -6.02317
194 3 -3.2237 -3.88896 -6.02383
194 4 -2.82413 -3.94675 -6.02885
ALPHA 194 4 -2.82413 -3.94675 -6.02885
BETA 194 1 -3.2237 -3.88896 -6.02383
DELTA 194 0 -3.2237 -3.88896 -6.02383
195 0 -3.2237 -3.88896 -6.02383
195 1 -3.2237 -3.88896 -6.02383
195 2 -3.30537 -3.71757 -6.02317
195 3 -3.2237 -3.88896 -6.02383
195 4 -2.82413 -3.94675 -6.02885
ALPHA 195 4 -2.82413 -3.94675 -6.02885
BETA 195 1 -3.2237 -3.88896 -6.02383
DELTA 195 0 -3.2237 -3.88896 -6.02383
196 0 -3.11914 -3.94867 -6.02838
196 1 -3.11914 -3.94867 -6.02838
196 2 -3.11729 -3.95255 -6.02588
196 3 -3.11914 -3.94867 -6.02838
196 4 -2.82413 -3.94675 -6.02885
ALPHA 196 4 -2.82413 -3.94675 -6.02885
BETA 196 1 -3.11914 -3.94867 -6.02838
DELTA 196 0 -3.11914 -3.94867 -6.02838
197 0 -3.11914 -3.94867 -6.02838
197 1 -3.11914 -3.94867 -6.02838
197 2 -3.11729 -3.95255 -6.02588
197 3 -3.11914 -3.94867 -6.02838
197 4 -2.82413 -3.94675 -6.02885
ALPHA 197 4 -2.82413 -3.94675 -6.02885
BETA 197 1 -3.11914 -3.94867 -6.02838
DELTA 197 0 -3.11914 -3.94867 -6.02838
198 0 -3.11914 -3.94867 -6.02838
198 1 -3.11914 -3.94867 -6.02838
198 2 -3.11729 -3.95255 -6.02588
198 3 -3.11914 -3.94867 -6.02838
198 4 -2.82413 -3.94675 -6.02885
ALPHA 198 4 -2.82413 -3.94675 -6.02885
BETA 198 1 -3.11914 -3.94867 -6.02838
DELTA 198 0 -3.11914 -3.94867 -6.02838
199 0 -3.03228 -3.96419 -6.03233
199 1 -3.03228 -3.96419 -6.03233
199 2 -3.0323 -3.96416 -6.03236
199 3 -3.03228 -3.96419 -6.03233
199 4 -3.03495 -3.96421 -6.03203
ALPHA 199 2 -3.0323 -3.96416 -6.03236
BETA 199 1 -3.03228 -3.96419 -6.03233
DELTA 199 2 -3.0323 -3.96416 -6.03236
200 0 -3.03228 -3.96419 -6.03233
200 1 -3.03228 -3.96419 -6.03233
200 2 -3.0323 -3.96416 -6.03236
200 3 -3.03228 -3.96419 -6.03233
200 4 -3.03495 -3.96421 -6.03203
ALPHA 200 2 -3.0323 -3.96416 -6.03236
BETA 200 1 -3.03228 -3.96419 -6.03233
DELTA 200 2 -3.0323 -3.96416 -6.03236
