0 0 0.432976 2.18719 400.211
0 1 -1.3947 -0.180304 457.506
0 2 0.497592 5 2258.79
0 3 -0.639 1.692 167.469
0 4 -0.15849 1.87934 345.156
0 5 -0.779056 2.35489 308.701
0 6 -0.590384 1.57778 153.628
0 7 2.92399 -1.12189 9357.73
1 0 0.224034 2.00538 382.88
1 1 -0.288036 2.43435 554.559
1 2 0.872552 5 1796.63
1 3 -0.633652 1.67944 165.977
1 4 1.58469 2.40048 1.56851
1 5 -1.30498 4.979 1078.54
1 6 -0.476672 1.31061 119.554
1 7 1.83381 -0.405594 1420.81
2 0 2.88744 3.11066 2735.38
2 1 0.0314424 0.772685 60.4896
2 2 2.32737 2.49494 855.409
2 3 -0.385624 1.74933 258.119
2 4 2.89207 2.79134 3109.13
2 5 1.76907 3.42218 9.15083
2 6 2.64293 2.71453 1826.48
2 7 0.540851 5 2216.25
